# Extract: SMART READ ATTRIBUTE VALUES sector (ATA B0h/D0h), vendor area bytes 352-511, per drive
# Source: live-post-reboot.txt (captured 2026-10-01T21:25:46..21:29:53+02:00 on nas-aku, AHCI, smartctl 7.5: 'smartctl -r ataioctl,2 -A /dev/sdX')
# Same strings were read for 077805 before the 21:13 reboot (live-pre-reboot.txt, 21:12:49).

== S5Y4R020A077805 -> /dev/sdb
352-367: 00 64 64 a3 37 13 00 00 00 00 00 00 78 00 00 11 |.dd.7.......x...|
368-383: 02 00 01 00 02 0a 00 00 00 00 00 00 00 00 00 00 |................|
384-399: 00 00 57 30 38 31 34 41 30 20 30 30 00 00 00 00 |..W0814A0 00....|
400-415: 53 4d 49 32 32 35 39 58 54 00 00 00 00 00 00 00 |SMI2259XT.......|
416-431: ab 3c 00 00 00 00 00 00 00 00 00 00 00 00 e3 38 |.<.............8|
432-447: 0b 00 00 4e 33 38 30 30 00 00 00 00 00 00 00 00 |...N3800........|
448-463: 5e 99 50 24 00 00 00 00 9f eb 73 09 00 00 00 00 |^.P$......s.....|
464-479: 04 00 00 00 78 00 00 00 4a 21 00 00 38 02 3a 02 |....x...J!..8.:.|
480-495: 2f 02 61 1b 00 00 1e 00 2d 00 08 00 00 00 00 00 |/.a.....-.......|
496-511: 00 00 00 00 00 00 00 00 00 00 00 00 00 00 00 70 |...............p|

== S5Y4R020A077806 -> /dev/sdc
352-367: 00 64 64 a0 6a 14 00 00 00 00 00 00 78 00 00 11 |.dd.j.......x...|
368-383: 02 00 01 00 02 0a 00 00 00 00 00 00 00 00 00 00 |................|
384-399: 00 00 57 30 38 31 34 41 30 20 30 30 00 00 00 00 |..W0814A0 00....|
400-415: 53 4d 49 32 32 35 39 58 54 00 00 00 00 00 00 00 |SMI2259XT.......|
416-431: 48 3f 00 00 00 00 00 00 00 00 00 00 00 00 78 6f |H?............xo|
432-447: 0b 00 00 4e 33 38 30 30 00 00 00 00 00 00 00 00 |...N3800........|
448-463: 73 40 d6 25 00 00 00 00 b0 8b d3 08 00 00 00 00 |s@.%............|
464-479: 05 00 00 00 b6 01 00 00 52 21 00 00 38 02 3a 02 |........R!..8.:.|
480-495: 30 02 f6 1d 00 00 20 00 2f 00 08 00 00 00 00 00 |0..... ./.......|
496-511: 00 00 00 00 00 00 00 00 00 00 00 00 00 00 00 40 |...............@|

== S5Y4R020A077808 -> /dev/sda
352-367: 00 64 64 00 d1 12 00 00 00 00 00 00 78 00 00 11 |.dd.........x...|
368-383: 02 00 01 00 02 0a 00 00 00 00 00 00 00 00 00 00 |................|
384-399: 00 00 57 30 38 31 34 41 30 20 30 30 00 00 00 00 |..W0814A0 00....|
400-415: 53 4d 49 32 32 35 39 58 54 00 00 00 00 00 00 00 |SMI2259XT.......|
416-431: 7a 3c 00 00 00 00 00 00 00 00 00 00 00 00 97 30 |z<.............0|
432-447: 0b 00 00 4e 33 38 30 30 00 00 00 00 00 00 00 00 |...N3800........|
448-463: 17 87 76 24 00 00 00 00 81 bf 5b 09 00 00 00 00 |..v$......[.....|
464-479: 07 00 00 00 99 01 00 00 09 20 00 00 22 02 24 02 |......... ..".$.|
480-495: 21 02 71 1c 00 00 1f 00 2f 00 06 00 00 00 00 00 |!.q...../.......|
496-511: 00 00 00 00 00 00 00 00 00 00 00 00 00 00 00 8d |................|

== S5Y4R020A077877 -> /dev/sdd
352-367: 00 64 64 9f 12 13 00 00 00 00 00 00 78 00 00 11 |.dd.........x...|
368-383: 02 00 01 00 02 0a 00 00 00 00 00 00 00 00 00 00 |................|
384-399: 00 00 57 30 37 32 34 41 30 20 30 30 00 00 00 00 |..W0724A0 00....|
400-415: 53 4d 49 32 32 35 39 58 54 00 00 00 00 00 00 00 |SMI2259XT.......|
416-431: cf d0 00 00 00 00 00 00 00 00 00 00 00 00 50 76 |..............Pv|
432-447: 08 00 00 4e 32 38 30 30 00 00 00 00 00 00 00 00 |...N2800........|
448-463: ed 3d 4a 24 00 00 00 00 b6 ce 51 0c 00 00 00 00 |.=J$......Q.....|
464-479: 0b 00 00 00 c7 01 00 00 70 67 00 00 4b 01 4c 01 |........pg..K.L.|
480-495: 49 01 5f 69 00 00 1e 00 8c 00 03 00 00 00 00 00 |I._i............|
496-511: 00 00 00 00 00 00 00 00 00 00 00 00 00 00 00 6c |...............l|
